[MOVES]
0 5 50 5 5
1 5 40 5 5
1 5 4
0 6 50 5 5
1 5 4
0 6 5
1 6 40 5 5
1 5 4
0 6 5
1 6 4
0 7 50 5 5
1 5 4
0 6 5
1 6 4
0 7 5
1 9 90 5 5
1 5 4
0 6 5
1 6 4
0 7 5
1 9 9
0 8 50 5 5
1 5 4
0 6 5
1 6 4
0 7 5
1 9 9
0 8 5
1 8 80 5 5
1 5 4
0 6 5
1 6 4
0 7 5
1 9 9
0 8 5
1 8 8
0 9 5[MOVES]
0 4 4[MOVES]
[MOVES]
0 5 50 5 5
1 5 6[MOVES]
0 0 00 0 0
1 0 10 0 0
1 0 1
0 1 10 0 0
1 0 1
0 1 1
1 0 20 0 0
1 0 1
0 1 1
1 0 2
0 3 30 0 0
1 0 1
0 1 1
1 0 2
0 3 3
1 0 40 0 0
1 0 1
0 1 1
1 0 2
0 3 3
1 0 4
0 4 40 0 0
1 0 1
0 1 1
1 0 2
0 3 3
1 0 4
0 4 4
1 0 30 0 0
1 0 1
0 1 1
1 0 2
0 3 3
1 0 4
0 4 4
1 0 3
0 2 20 0 0
1 0 1
0 1 1
1 0 2
0 3 3
1 0 4
0 4 4
1 0 3
0 2 2
1 0 5[MOVES]
0 0 00 0 0
1 0 10 0 0
1 0 1
0 1 10 0 0
1 0 1
0 1 1
1 0 20 0 0
1 0 1
0 1 1
1 0 2
0 4 40 0 0
1 0 1
0 1 1
1 0 2
0 4 4
1 0 40 0 0
1 0 1
0 1 1
1 0 2
0 4 4
1 0 4
0 3 30 0 0
1 0 1
0 1 1
1 0 2
0 4 4
1 0 4
0 3 3
1 0 30 0 0
1 0 1
0 1 1
1 0 2
0 4 4
1 0 4
0 3 3
1 0 3
0 2 2[MOVES]
0 0 00 0 0
1 0 10 0 0
1 0 1
0 1 00 0 0
1 0 1
0 1 0
1 0 20 0 0
1 0 1
0 1 0
1 0 2
0 0 3[MOVES]
0 0 00 0 0
1 0 10 0 0
1 0 1
0 1 00 0 0
1 0 1
0 1 0
1 0 20 0 0
1 0 1
0 1 0
1 0 2
0 0 30 0 0
1 0 1
0 1 0
1 0 2
0 0 3
1 10 10[MOVES]
0 0 00 0 0
1 0 10 0 0
1 0 1
0 1 00 0 0
1 0 1
0 1 0
1 0 20 0 0
1 0 1
0 1 0
1 0 2
0 0 30 0 0
1 0 1
0 1 0
1 0 2
0 0 3
1 10 10[MOVES]
0 0 00 0 0
1 0 10 0 0
1 0 1
0 1 00 0 0
1 0 1
0 1 0
1 0 20 0 0
1 0 1
0 1 0
1 0 2
0 0 30 0 0
1 0 1
0 1 0
1 0 2
0 0 3
1 1 10 0 0
1 0 1
0 1 0
1 0 2
0 0 3
1 1 1
0 0 40 0 0
1 0 1
0 1 0
1 0 2
0 0 3
1 1 1
0 0 4
1 1 20 0 0
1 0 1
0 1 0
1 0 2
0 0 3
1 1 1
0 0 4
1 1 2
0 0 5[MOVES]
0 0 00 0 0
1 0 10 0 0
1 0 1
0 1 00 0 0
1 0 1
0 1 0
1 0 20 0 0
1 0 1
0 1 0
1 0 2
0 0 3[MOVES]
0 0 00 0 0
1 0 10 0 0
1 0 1
0 2 00 0 0
1 0 1
0 2 0
1 0 20 0 0
1 0 1
0 2 0
1 0 2
0 0 30 0 0
1 0 1
0 2 0
1 0 2
0 0 3
1 1 10 0 0
1 0 1
0 2 0
1 0 2
0 0 3
1 1 1
0 10 100 0 0
1 0 1
0 2 0
1 0 2
0 0 3
1 1 1
0 10 10
1 2 20 0 0
1 0 1
0 2 0
1 0 2
0 0 3
1 1 1
0 10 10
1 2 2
0 3 3[MOVES]
0 0 00 0 0
1 1 10 0 0
1 1 1
0 0 10 0 0
1 1 1
0 0 1
1 2 20 0 0
1 1 1
0 0 1
1 2 2
0 3 30 0 0
1 1 1
0 0 1
1 2 2
0 3 3
1 1 00 0 0
1 1 1
0 0 1
1 2 2
0 3 3
1 1 0
0 0 20 0 0
1 1 1
0 0 1
1 2 2
0 3 3
1 1 0
0 0 2
1 2 00 0 0
1 1 1
0 0 1
1 2 2
0 3 3
1 1 0
0 0 2
1 2 0
0 0 30 0 0
1 1 1
0 0 1
1 2 2
0 3 3
1 1 0
0 0 2
1 2 0
0 0 3
1 1 10 0 0
1 1 1
0 0 1
1 2 2
0 3 3
1 1 0
0 0 2
1 2 0
0 0 3
1 1 1
0 3 00 0 0
1 1 1
0 0 1
1 2 2
0 3 3
1 1 0
0 0 2
1 2 0
0 0 3
1 1 1
0 3 0
1 2 10 0 0
1 1 1
0 0 1
1 2 2
0 3 3
1 1 0
0 0 2
1 2 0
0 0 3
1 1 1
0 3 0
1 2 1
0 3 10 0 0
1 1 1
0 0 1
1 2 2
0 3 3
1 1 0
0 0 2
1 2 0
0 0 3
1 1 1
0 3 0
1 2 1
0 3 1
1 1 10 0 0
1 1 1
0 0 1
1 2 2
0 3 3
1 1 0
0 0 2
1 2 0
0 0 3
1 1 1
0 3 0
1 2 1
0 3 1
1 1 1
0 0 4[MOVES]
0 10 100 10 10
1 9 100 10 10
1 9 10
0 10 90 10 10
1 9 10
0 10 9
1 10 110 10 10
1 9 10
0 10 9
1 10 11
0 10 80 10 10
1 9 10
0 10 9
1 10 11
0 10 8
1 8 90 10 10
1 9 10
0 10 9
1 10 11
0 10 8
1 8 9
0 10 70 10 10
1 9 10
0 10 9
1 10 11
0 10 8
1 8 9
0 10 7
1 10 60 10 10
1 9 10
0 10 9
1 10 11
0 10 8
1 8 9
0 10 7
1 10 6
0 11 120 10 10
1 9 10
0 10 9
1 10 11
0 10 8
1 8 9
0 10 7
1 10 6
0 11 12
1 9 70 10 10
1 9 10
0 10 9
1 10 11
0 10 8
1 8 9
0 10 7
1 10 6
0 11 12
1 9 7
0 8 80 10 10
1 9 10
0 10 9
1 10 11
0 10 8
1 8 9
0 10 7
1 10 6
0 11 12
1 9 7
0 8 8
1 9 80 10 10
1 9 10
0 10 9
1 10 11
0 10 8
1 8 9
0 10 7
1 10 6
0 11 12
1 9 7
0 8 8
1 9 8
0 7 100 10 10
1 9 10
0 10 9
1 10 11
0 10 8
1 8 9
0 10 7
1 10 6
0 11 12
1 9 7
0 8 8
1 9 8
0 7 10
1 11 110 10 10
1 9 10
0 10 9
1 10 11
0 10 8
1 8 9
0 10 7
1 10 6
0 11 12
1 9 7
0 8 8
1 9 8
0 7 10
1 11 11
0 8 90 10 10
1 9 10
0 10 9
1 10 11
0 10 8
1 8 9
0 10 7
1 10 6
0 11 12
1 9 7
0 8 8
1 9 8
0 7 10
1 11 11
0 8 9
1 10 110 10 10
1 9 10
0 10 9
1 10 11
0 10 8
1 8 9
0 10 7
1 10 6
0 11 12
1 9 7
0 8 8
1 9 8
0 7 10
1 11 11
0 8 9
1 10 11
0 8 100 10 10
1 9 10
0 10 9
1 10 11
0 10 8
1 8 9
0 10 7
1 10 6
0 11 12
1 9 7
0 8 8
1 9 8
0 7 10
1 11 11
0 8 9
1 10 11
0 8 10
1 8 110 10 10
1 9 10
0 10 9
1 10 11
0 10 8
1 8 9
0 10 7
1 10 6
0 11 12
1 9 7
0 8 8
1 9 8
0 7 10
1 11 11
0 8 9
1 10 11
0 8 10
1 8 11
0 9 100 10 10
1 9 10
0 10 9
1 10 11
0 10 8
1 8 9
0 10 7
1 10 6
0 11 12
1 9 7
0 8 8
1 9 8
0 7 10
1 11 11
0 8 9
1 10 11
0 8 10
1 8 11
0 9 10
1 7 80 10 10
1 9 10
0 10 9
1 10 11
0 10 8
1 8 9
0 10 7
1 10 6
0 11 12
1 9 7
0 8 8
1 9 8
0 7 10
1 11 11
0 8 9
1 10 11
0 8 10
1 8 11
0 9 10
1 7 8
0 9 100 10 10
1 9 10
0 10 9
1 10 11
0 10 8
1 8 9
0 10 7
1 10 6
0 11 12
1 9 7
0 8 8
1 9 8
0 7 10
1 11 11
0 8 9
1 10 11
0 8 10
1 8 11
0 9 10
1 7 8
0 9 10
1 0 00 10 10
1 9 10
0 10 9
1 10 11
0 10 8
1 8 9
0 10 7
1 10 6
0 11 12
1 9 7
0 8 8
1 9 8
0 7 10
1 11 11
0 8 9
1 10 11
0 8 10
1 8 11
0 9 10
1 7 8
0 9 10
1 0 0
0 6 10